     0/299      8.9G   0.08209   0.05041   0.06995    0.2024       141       640    0.2737    0.2397    0.0431   0.01405   0.05467   0.04119   0.06344
     1/299     12.1G   0.05494   0.04142    0.0615    0.1579       114       640    0.4789    0.2323    0.1092   0.04717    0.0471   0.03045   0.05848
     2/299     12.1G   0.04798    0.0359   0.05568    0.1396       144       640    0.5033    0.3153    0.1796   0.09829   0.04673   0.02463   0.05086
     3/299     12.1G   0.04389    0.0326   0.04852     0.125       135       640    0.5818     0.335    0.2617    0.1407   0.04016   0.02332   0.04445
     4/299     12.1G   0.04101   0.03102   0.04207    0.1141       154       640    0.5508    0.4866    0.3693    0.1996   0.03495    0.0235   0.03801
     5/299     12.1G   0.03919   0.03015   0.03652    0.1059       109       640    0.6086     0.493    0.4615    0.2611   0.03255   0.02665   0.03428
     6/299     12.1G   0.03719   0.02931   0.03093   0.09743        99       640    0.6727    0.5357    0.5653    0.3202    0.0337   0.02294   0.03056
     7/299     12.1G   0.03651   0.02965   0.02668   0.09283       111       640    0.6183    0.5804    0.5746    0.3336   0.03286   0.02585   0.02646
     8/299     12.1G   0.03462    0.0291   0.02376   0.08749       114       640    0.7684    0.6412    0.7348     0.469   0.03285   0.02437   0.02143
     9/299     12.1G   0.03389   0.02925   0.02169   0.08482       134       640    0.6715    0.4246    0.4594       0.3   0.03234   0.02941   0.04168
    10/299     12.1G   0.03285   0.02962   0.02073    0.0832        95       640    0.6649    0.6069    0.6306    0.3921   0.03133   0.02728   0.02977
    11/299     12.1G   0.03224   0.02958   0.02008    0.0819        95       640    0.6839    0.5503    0.5965    0.3837   0.03183   0.03082    0.0263
    12/299     12.1G   0.03126   0.02943   0.01889   0.07958       124       640    0.7091     0.709    0.7464      0.51   0.02762    0.0246   0.02036
    13/299     12.1G    0.0302   0.02834   0.01745   0.07599       123       640    0.6748    0.6673    0.6924    0.4757   0.02875   0.02629    0.0229
    14/299     12.1G   0.02926    0.0283   0.01573   0.07329       135       640     0.803    0.7278    0.8025    0.5539   0.02605   0.02276   0.01753
    15/299     12.1G   0.02879   0.02733   0.01535   0.07147       110       640    0.7275    0.6164     0.701    0.4881   0.02694   0.02568   0.02394
    16/299     12.1G   0.02835   0.02736   0.01447   0.07018       111       640     0.788    0.7238    0.8027    0.5714   0.02557   0.02368   0.01742
    17/299     12.1G   0.02765    0.0268   0.01403   0.06849       116       640    0.7878    0.6999    0.7796    0.5612   0.02607   0.02426   0.02028
    18/299     12.1G   0.02745   0.02665   0.01319   0.06729       109       640    0.8191    0.7687    0.8286    0.5908   0.02494   0.02329   0.01344
    19/299     12.1G   0.02695   0.02626    0.0131   0.06631       131       640    0.7746    0.6575    0.7632    0.5575   0.02484   0.02228   0.02126
    20/299     12.1G   0.02663   0.02589   0.01221   0.06472       112       640     0.855    0.8004    0.8744    0.6278   0.02391   0.02098    0.0118
    21/299     12.1G   0.02613   0.02559    0.0116   0.06332       122       640    0.8594    0.7905    0.8621    0.6348    0.0229    0.0204   0.01254
    22/299     12.1G   0.02605   0.02564   0.01183   0.06352       109       640     0.834    0.7819     0.857    0.6502    0.0233   0.02056   0.01347
    23/299     12.1G   0.02567   0.02498   0.01126    0.0619       105       640    0.8235    0.6709     0.772    0.5552   0.02388   0.02452   0.01759
    24/299     12.1G   0.02547   0.02518   0.01066   0.06131       126       640    0.8676    0.8154    0.8771    0.6636   0.02235   0.02037   0.01174
    25/299     12.1G   0.02519   0.02497   0.01061   0.06076       104       640    0.8813    0.7766    0.8731     0.659   0.02168   0.01927   0.01338
    26/299     12.1G   0.02527   0.02474   0.01049   0.06051       125       640    0.8656    0.8564    0.9005    0.6758   0.02223   0.01885  0.009762
    27/299     12.1G    0.0247   0.02439   0.01031    0.0594        96       640    0.8853    0.8114    0.8946     0.681   0.02195   0.01949    0.0111
    28/299     12.1G   0.02458   0.02427  0.009748    0.0586       111       640    0.8896     0.845    0.9028    0.6863    0.0213   0.01936  0.009386
    29/299     12.1G   0.02447   0.02422  0.009746   0.05843       138       640     0.899     0.817    0.8989    0.6884   0.02114    0.0185   0.01105
    30/299     12.1G   0.02425   0.02383  0.009348   0.05743       119       640    0.9092    0.8389    0.9129    0.7055   0.02041   0.01794  0.009793
    31/299     12.1G   0.02419   0.02406  0.009073   0.05731       125       640    0.8725    0.8047    0.8725     0.671   0.02105   0.01987   0.01109
    32/299     12.1G   0.02406   0.02389  0.009351    0.0573       107       640    0.8762    0.8432    0.9031    0.6943   0.02044   0.01791   0.01135
    33/299     12.1G   0.02393   0.02369    0.0091   0.05672       118       640    0.8824    0.8379    0.8955    0.6911   0.02034   0.01834   0.01202
    34/299     12.1G   0.02362   0.02335  0.009056   0.05603        98       640    0.9047    0.8412    0.9099    0.7038   0.02037   0.01795    0.0105
    35/299     12.1G   0.02383   0.02357  0.008808    0.0562       106       640    0.8764    0.8493    0.9095    0.7135   0.02019   0.01787  0.009274
    36/299     12.1G   0.02326   0.02334  0.008226   0.05482        99       640    0.9114    0.8652    0.9175    0.7143   0.02016   0.01734  0.008193
    37/299     12.1G   0.02326   0.02296  0.008321   0.05454       127       640    0.9056    0.8616    0.9155    0.7163   0.01991   0.01763  0.008741
    38/299     12.1G    0.0233   0.02323  0.008613   0.05514       118       640    0.9128    0.8394    0.9096    0.7125   0.01997   0.01776   0.01007
    39/299     12.1G   0.02313   0.02319  0.008347   0.05466       125       640    0.9079    0.8695    0.9163    0.7211   0.01958    0.0175  0.007953
    40/299     12.1G   0.02313     0.023  0.008156   0.05429       133       640    0.8875    0.8447    0.9029    0.7103   0.01979   0.01754  0.009562
    41/299     12.1G   0.02285   0.02285  0.008247   0.05395       121       640    0.8815    0.8795    0.9119    0.7181   0.01981   0.01768  0.007871
    42/299     12.1G   0.02264     0.023  0.008178   0.05381       133       640    0.9131    0.8697    0.9232    0.7259   0.01949   0.01749  0.008144
    43/299     12.1G   0.02279   0.02291  0.007875   0.05357       147       640    0.8985    0.8744    0.9232    0.7301   0.01919   0.01752  0.008849
    44/299     12.1G   0.02244   0.02234  0.007814   0.05259       101       640    0.8924    0.8716    0.9177    0.7206   0.01935   0.01731  0.008872
    45/299     12.1G   0.02255   0.02229  0.007489   0.05233       110       640     0.899    0.8502    0.9094    0.7121   0.01983   0.01773   0.01038
    46/299     12.1G    0.0226   0.02266  0.007755   0.05301        94       640    0.9203     0.869    0.9259    0.7276   0.01968   0.01706  0.007847
    47/299     12.1G   0.02231   0.02237  0.007678   0.05236       133       640    0.9155    0.8825    0.9284    0.7328   0.01956   0.01726  0.008138
    48/299     12.1G   0.02217   0.02198  0.007202   0.05135       120       640    0.9086    0.8748    0.9216    0.7299   0.01909   0.01707  0.008698
    49/299     12.1G   0.02225   0.02193   0.00753    0.0517        97       640    0.9126    0.8794    0.9244    0.7379   0.01891   0.01711  0.007289
    50/299     12.1G     0.022   0.02182  0.007374   0.05119       112       640    0.9081    0.8918    0.9259     0.738   0.01874   0.01651   0.00815
    51/299     12.1G   0.02206   0.02196  0.007131   0.05115       122       640    0.9243    0.8746     0.926    0.7379   0.01857   0.01681   0.00839
    52/299     12.1G   0.02211   0.02218  0.007384   0.05168       128       640    0.9342    0.8695    0.9299    0.7441    0.0187   0.01662  0.008197
    53/299     12.1G   0.02187   0.02181  0.006842   0.05052       109       640    0.9135    0.8877    0.9308    0.7489   0.01856   0.01643  0.007921
    54/299     12.1G   0.02171   0.02166  0.007278   0.05065       125       640    0.9218    0.8977    0.9325    0.7541   0.01814   0.01647  0.007601
    55/299     12.1G   0.02174    0.0219  0.007114   0.05075       102       640    0.9164    0.9101    0.9331    0.7522   0.01837   0.01641   0.00704
    56/299     12.1G   0.02156   0.02192  0.006821    0.0503       104       640    0.9116    0.9042    0.9329    0.7537   0.01806   0.01607  0.007768
    57/299     12.1G   0.02142   0.02152  0.006744   0.04968       106       640    0.9125    0.9001    0.9312    0.7534   0.01849   0.01658  0.007583
    58/299     12.1G   0.02138   0.02147  0.006707   0.04956       112       640    0.9162    0.8849    0.9298    0.7527   0.01821   0.01633  0.007278
    59/299     12.1G   0.02126    0.0216  0.006613   0.04947       143       640    0.9413    0.8917    0.9385    0.7565   0.01778   0.01593  0.006584
    60/299     12.1G   0.02126   0.02143  0.006227   0.04892       106       640    0.9273    0.8964    0.9361    0.7612   0.01787   0.01571  0.007999
    61/299     12.1G    0.0212   0.02153  0.006422   0.04915       124       640    0.9181    0.9126    0.9386    0.7595   0.01799   0.01609  0.007227
    62/299     12.1G   0.02089   0.02116  0.006207   0.04826       130       640    0.9257    0.8922    0.9343    0.7635   0.01784   0.01587  0.007226
    63/299     12.1G    0.0211   0.02117  0.006406   0.04867       115       640    0.9274    0.8972    0.9346    0.7573    0.0182   0.01636  0.007031
    64/299     12.1G   0.02114   0.02132  0.006721   0.04918       117       640    0.9372    0.9014    0.9393    0.7639   0.01789   0.01596   0.00656
    65/299     12.1G   0.02098   0.02126  0.006334   0.04858       107       640    0.9433    0.8921    0.9429    0.7682   0.01779    0.0158  0.006604
    66/299     12.1G   0.02097   0.02113  0.006302    0.0484       119       640    0.9257    0.9011    0.9389    0.7673   0.01744   0.01545  0.006554
    67/299     12.1G   0.02083   0.02107  0.006168   0.04807       119       640    0.9308    0.9089    0.9398    0.7663   0.01759   0.01572  0.006184
    68/299     12.1G   0.02076   0.02098  0.006016   0.04775        79       640    0.9283    0.9047      0.94    0.7678   0.01767   0.01577  0.005764
    69/299     12.1G   0.02072   0.02087  0.006145   0.04773       106       640    0.9354     0.903    0.9375    0.7686   0.01743   0.01565  0.006246
    70/299     12.1G    0.0206    0.0209  0.005837   0.04734       104       640    0.9247    0.9136    0.9391    0.7711   0.01758   0.01565  0.006412
    71/299     12.1G   0.02066    0.0207  0.006187   0.04755       102       640    0.9346    0.8942    0.9375    0.7705   0.01733   0.01561  0.006377
    72/299     12.1G   0.02078   0.02064  0.005978    0.0474       107       640    0.9212    0.9071     0.939    0.7713   0.01736   0.01558  0.006353
    73/299     12.1G   0.02054    0.0206  0.006065   0.04721        91       640    0.9142    0.9219    0.9418    0.7715    0.0172   0.01543   0.00671
    74/299     12.1G   0.02075   0.02075  0.005903    0.0474       118       640    0.9386     0.901    0.9431    0.7732   0.01723   0.01539  0.007068
    75/299     12.1G    0.0205    0.0208   0.00587   0.04717       119       640    0.9354    0.9096    0.9408    0.7739   0.01724   0.01529  0.006801
    76/299     12.1G   0.02028   0.02052  0.005551   0.04635       138       640    0.9352    0.9069    0.9399     0.773   0.01729   0.01539  0.006472
    77/299     12.1G    0.0206   0.02047   0.00597   0.04704       126       640    0.9327    0.9029     0.942    0.7773   0.01713   0.01544  0.006374
    78/299     12.1G   0.02028    0.0207  0.005718   0.04669       119       640    0.9328    0.9038    0.9416    0.7761   0.01719   0.01521  0.006091
    79/299     12.1G   0.02041   0.02034  0.005725   0.04647       133       640    0.9268    0.9136    0.9428    0.7755   0.01713   0.01526  0.006112
    80/299     12.1G   0.02035   0.02087  0.005902   0.04712       129       640    0.9403    0.9075    0.9441    0.7769   0.01719   0.01527  0.006039
    81/299     12.1G   0.02019   0.02059  0.005532   0.04632       120       640    0.9307    0.9155    0.9382    0.7777   0.01711   0.01538  0.005991
    82/299     12.1G   0.02012   0.02039  0.005715   0.04623       109       640    0.9321     0.913    0.9408    0.7778   0.01712   0.01513  0.005926
    83/299     12.1G   0.02018   0.02021  0.005481   0.04587       105       640    0.9336    0.9105    0.9433      0.78   0.01696   0.01502    0.0061
    84/299     12.1G   0.02012   0.02019  0.005542   0.04585       113       640    0.9259    0.9159    0.9445    0.7802   0.01683   0.01503  0.006078
    85/299     12.1G   0.01998   0.02017  0.005239   0.04538       114       640    0.9553    0.8952    0.9463    0.7858   0.01675   0.01494  0.006118
    86/299     12.1G   0.01982   0.02011  0.005298   0.04523       116       640     0.928    0.9159    0.9441     0.783   0.01685   0.01512   0.00584
    87/299     12.1G   0.02001    0.0199   0.00542   0.04533       116       640    0.9291    0.9172    0.9447    0.7855    0.0166   0.01497  0.005829
    88/299     12.1G   0.01981   0.02018  0.005417   0.04541       105       640     0.944    0.9102    0.9471    0.7876   0.01653   0.01479  0.005671
    89/299     12.1G   0.01972   0.02015  0.005272   0.04513       117       640    0.9393    0.9152    0.9442    0.7918   0.01656   0.01471  0.005773
    90/299     12.1G   0.01982   0.01988  0.005271   0.04497       110       640    0.9469    0.9084    0.9441     0.789   0.01661   0.01498  0.005929
    91/299     12.1G   0.01956   0.01994  0.005412   0.04492       108       640    0.9482    0.9033    0.9462    0.7892   0.01657   0.01484  0.005747
    92/299     12.1G   0.01967   0.01994  0.005314   0.04492       135       640     0.934    0.9148     0.948    0.7916   0.01648   0.01462  0.005801
    93/299     12.1G   0.01972   0.01963  0.005295   0.04464        98       640    0.9315     0.919    0.9444    0.7901   0.01655   0.01474  0.005726
    94/299     12.1G   0.01953   0.01998  0.005402   0.04492       129       640    0.9302    0.9182     0.948    0.7896   0.01664   0.01463   0.00558
    95/299     12.1G   0.01967   0.02012  0.005285   0.04508       135       640    0.9429    0.9114    0.9461    0.7883   0.01659   0.01461  0.005562
    96/299     12.1G   0.01937   0.01963  0.005307    0.0443       103       640    0.9378    0.9173    0.9458    0.7901   0.01652    0.0146  0.005516
    97/299     12.1G   0.01952   0.01957  0.005064   0.04415       113       640    0.9297    0.9206    0.9458    0.7916   0.01642   0.01472  0.005406
    98/299     12.1G   0.01938   0.01979  0.005422   0.04458       120       640    0.9315    0.9196    0.9441     0.791   0.01651   0.01481  0.005867
    99/299     12.1G   0.01927    0.0198  0.005177   0.04425        99       640    0.9404    0.9177    0.9457    0.7911   0.01641   0.01471  0.005536
   100/299     12.1G   0.01951   0.01959  0.005101    0.0442       140       640    0.9441    0.9121    0.9453    0.7909   0.01653   0.01471  0.005536
   101/299     12.1G   0.01963   0.01962  0.005181   0.04443        99       640    0.9444    0.9105    0.9446    0.7898   0.01638   0.01462  0.005785
   102/299     12.1G   0.01938   0.01961  0.005121   0.04411       130       640    0.9309    0.9192    0.9458    0.7934   0.01629   0.01469  0.005895
   103/299     12.1G   0.01947   0.01956  0.004891   0.04392       157       640    0.9306    0.9266    0.9464    0.7918   0.01629   0.01465  0.005619
   104/299     12.1G   0.01916   0.01978  0.004872   0.04382       152       640    0.9301    0.9276    0.9481     0.793   0.01631   0.01457  0.005688
   105/299     12.1G   0.01909   0.01946  0.004881   0.04343       112       640    0.9399    0.9209    0.9492    0.7963   0.01627   0.01463  0.005716
   106/299     12.1G   0.01921   0.01947   0.00505   0.04373       109       640    0.9463    0.9201     0.949     0.793   0.01626    0.0146  0.005649
   107/299     12.1G   0.01913    0.0193  0.004988   0.04343       112       640    0.9408    0.9166    0.9506    0.7946   0.01628   0.01456  0.005848
   108/299     12.1G   0.01893   0.01933  0.005124   0.04339       116       640    0.9432     0.916    0.9517    0.7979   0.01627   0.01464  0.005963
   109/299     12.1G   0.01928   0.01962  0.005019   0.04392       109       640     0.944    0.9147    0.9509    0.7962   0.01626   0.01452  0.005912
   110/299     12.1G   0.01894   0.01946  0.004912   0.04332       123       640    0.9372    0.9202    0.9517    0.7984   0.01619   0.01447  0.005765
   111/299     12.1G   0.01895   0.01937  0.004562   0.04288       129       640    0.9372    0.9249    0.9512    0.7971   0.01615   0.01447  0.005555
   112/299     12.1G   0.01895   0.01921  0.004692   0.04285       112       640    0.9479    0.9206    0.9527    0.7991   0.01607   0.01442  0.005699
   113/299     12.1G   0.01876   0.01906  0.004697   0.04252       123       640    0.9415    0.9221    0.9524    0.7973   0.01615   0.01444  0.005757
   114/299     12.1G   0.01887   0.01907  0.004623   0.04256       111       640    0.9501    0.9123    0.9513    0.7963   0.01619    0.0146  0.005701
   115/299     12.1G   0.01892   0.01926  0.004684   0.04286       117       640    0.9519     0.911    0.9491    0.7952   0.01621   0.01457  0.005553
   116/299     12.1G   0.01863   0.01918  0.004865   0.04268       108       640    0.9342    0.9252    0.9494    0.7977   0.01624   0.01449  0.005447
   117/299     12.1G   0.01863   0.01898  0.004869   0.04249       125       640    0.9464    0.9142    0.9488    0.7995   0.01613   0.01438   0.00569
   118/299     12.1G   0.01875   0.01908  0.004491   0.04232       121       640    0.9415    0.9165    0.9488    0.7993   0.01607   0.01434  0.005823
   119/299     12.1G   0.01856   0.01882  0.004513    0.0419        97       640     0.945    0.9156    0.9494    0.7983   0.01605   0.01436  0.006024
   120/299     12.1G   0.01858   0.01904  0.004624   0.04224        85       640    0.9449     0.916    0.9489    0.7976    0.0161   0.01441  0.006139
   121/299     12.1G   0.01861   0.01891  0.004495   0.04201       110       640    0.9446    0.9199    0.9488     0.798   0.01608   0.01437  0.006082
   122/299     12.1G   0.01853   0.01897  0.004571   0.04207       121       640    0.9442    0.9185    0.9483    0.7968    0.0161    0.0144  0.006031
   123/299     12.1G   0.01844   0.01896  0.004257   0.04166       102       640    0.9454    0.9209    0.9494    0.7981   0.01605   0.01441  0.005903
   124/299     12.1G   0.01849   0.01876  0.004327   0.04158       101       640    0.9467    0.9198    0.9477    0.7968   0.01601   0.01443  0.005877
   125/299     12.1G   0.01876    0.0189  0.004686   0.04235       106       640    0.9453    0.9209    0.9482    0.7971   0.01599   0.01439  0.005882
   126/299     12.1G   0.01831   0.01887  0.004324    0.0415       124       640    0.9484    0.9176    0.9485    0.7961   0.01596   0.01442  0.005876
   127/299     12.1G   0.01826   0.01864  0.004133   0.04103       106       640    0.9541    0.9107    0.9486     0.798   0.01594   0.01437  0.005845
   128/299     12.1G   0.01839   0.01859  0.004446   0.04143       143       640    0.9539     0.911    0.9492    0.7988   0.01594   0.01434  0.005854
   129/299     12.1G    0.0183   0.01868  0.004241   0.04122       134       640    0.9501    0.9169    0.9485    0.7983   0.01597   0.01433  0.005839
   130/299     12.1G   0.01828   0.01874  0.004207   0.04122       138       640    0.9435    0.9212    0.9482    0.8005   0.01596    0.0143  0.005864
   131/299     12.1G   0.01821   0.01865  0.004356   0.04121       114       640    0.9525    0.9137    0.9485    0.7985   0.01596   0.01432  0.005868
   132/299     12.1G   0.01817   0.01879  0.004214   0.04117       105       640    0.9526    0.9128    0.9477    0.7971   0.01597   0.01436  0.005833
   133/299     12.1G     0.018   0.01853  0.004195   0.04073       130       640    0.9554    0.9105    0.9476     0.798   0.01596   0.01435  0.005872
   134/299     12.1G   0.01795    0.0185  0.004176   0.04063       121       640    0.9504    0.9175    0.9474     0.799   0.01593   0.01434  0.005949
   135/299     12.1G   0.01816   0.01854  0.004147   0.04085       104       640    0.9406    0.9252    0.9476    0.7988    0.0159   0.01433  0.005914
   136/299     12.1G    0.0179   0.01873  0.004371     0.041       129       640     0.952    0.9146    0.9471    0.7989   0.01589   0.01431  0.005854
   137/299     12.1G   0.01791   0.01835  0.004024   0.04028       132       640    0.9498    0.9167    0.9471    0.7992   0.01585   0.01429  0.005816
   138/299     12.1G   0.01782   0.01855  0.003987   0.04036       128       640    0.9528    0.9132    0.9476    0.7993   0.01585   0.01429  0.005795
   139/299     12.1G   0.01793   0.01851  0.004213   0.04065       110       640    0.9515    0.9148    0.9481    0.7989   0.01584   0.01423  0.005749
   140/299     12.1G    0.0179   0.01855  0.004046   0.04049        93       640    0.9518    0.9135    0.9472    0.8007   0.01583   0.01424   0.00577
   141/299     12.1G   0.01797   0.01851  0.004388   0.04087       123       640    0.9531     0.913    0.9473    0.8005    0.0158   0.01425  0.005768
   142/299     12.1G   0.01784   0.01812  0.003921   0.03988        94       640     0.952    0.9133    0.9464    0.7994    0.0158   0.01423   0.00582
   143/299     12.1G   0.01781    0.0182  0.004039   0.04004       123       640    0.9507     0.913    0.9469    0.7988    0.0158   0.01421  0.005795
   144/299     12.1G   0.01765    0.0181  0.004037   0.03979        79       640    0.9369    0.9267    0.9471    0.7998   0.01582   0.01422  0.005773
   145/299     12.1G   0.01783     0.018  0.003951   0.03977       110       640    0.9373    0.9289    0.9486    0.8002   0.01581   0.01422  0.005789
   146/299     12.1G   0.01768   0.01826  0.003835   0.03977       126       640    0.9385    0.9284     0.949    0.8012   0.01583   0.01422  0.005803
   147/299     12.1G   0.01758   0.01792  0.003779   0.03928       115       640    0.9408    0.9251    0.9487    0.8005   0.01583   0.01421  0.005774
   148/299     12.1G   0.01749   0.01788  0.003993   0.03936       126       640    0.9407    0.9257    0.9493    0.8002   0.01584   0.01421  0.005873
   149/299     12.1G    0.0176   0.01809   0.00418   0.03987       136       640    0.9403    0.9237    0.9492    0.8011   0.01582   0.01422  0.005928
   150/299     12.1G   0.01724   0.01805  0.003893   0.03919        99       640     0.941     0.922    0.9484    0.8011   0.01582   0.01422   0.00589
   151/299     12.1G   0.01756    0.0179  0.003954   0.03941       102       640    0.9437    0.9204    0.9481    0.8002   0.01583   0.01424  0.005966
   152/299     12.1G   0.01749   0.01789  0.004017    0.0394       133       640    0.9454    0.9189    0.9484    0.8003   0.01585   0.01426  0.006007
   153/299     12.1G   0.01741   0.01809  0.003816   0.03932        99       640    0.9415    0.9232    0.9478    0.7998   0.01585   0.01426  0.006023
   154/299     12.1G    0.0173   0.01788  0.003829   0.03901       104       640    0.9355    0.9296    0.9482    0.8018   0.01584   0.01424  0.006019
   155/299     12.1G   0.01735   0.01805  0.003828   0.03923       139       640    0.9342    0.9293    0.9474     0.802   0.01582   0.01425  0.006072
   156/299     12.1G   0.01721   0.01766  0.003812   0.03867       101       640    0.9377    0.9277    0.9467    0.8026    0.0158   0.01425  0.006071
   157/299     12.1G   0.01708   0.01764  0.003578   0.03829       112       640     0.937    0.9269    0.9475     0.803   0.01578   0.01423  0.006097
   158/299     12.1G   0.01698   0.01778  0.003728   0.03849       110       640    0.9395    0.9243    0.9475    0.8037   0.01577   0.01423   0.00607
   159/299     12.1G   0.01703   0.01754  0.003655   0.03822       100       640    0.9362    0.9281    0.9482    0.8041   0.01577   0.01423  0.006085
   160/299     12.1G   0.01716   0.01787  0.003631   0.03866       111       640    0.9382    0.9257    0.9484    0.8049   0.01575   0.01421  0.006093
   161/299     12.1G   0.01723   0.01807  0.003827   0.03913       117       640    0.9382     0.926    0.9485    0.8041   0.01576   0.01419  0.006079
   162/299     12.1G   0.01712    0.0177  0.003755   0.03857       115       640    0.9366    0.9274    0.9479    0.8044   0.01576   0.01418  0.006047
   163/299     12.1G   0.01703   0.01744  0.003646   0.03812        86       640    0.9385    0.9255    0.9476    0.8043   0.01577   0.01417  0.006026
   164/299     12.1G     0.017    0.0176  0.003789   0.03839        93       640    0.9393    0.9255    0.9477    0.8042   0.01577   0.01417  0.005995
   165/299     12.1G   0.01673   0.01733  0.003447   0.03751       103       640    0.9385    0.9262    0.9476    0.8045   0.01577   0.01417  0.006004
   166/299     12.1G   0.01674   0.01751  0.003404   0.03766       126       640    0.9401    0.9258    0.9482    0.8039   0.01577   0.01418  0.006004
   167/299     12.1G    0.0168   0.01745    0.0034   0.03765       106       640    0.9391    0.9263    0.9475    0.8034   0.01578   0.01418  0.006027
   168/299     12.1G   0.01701    0.0175  0.003587   0.03809       121       640    0.9391    0.9259    0.9474    0.8026   0.01578   0.01418  0.006045
   169/299     12.1G   0.01678   0.01749  0.003532    0.0378       134       640    0.9377    0.9271     0.947     0.803   0.01577   0.01418  0.006052
   170/299     12.1G    0.0167   0.01718  0.003506   0.03739       118       640    0.9384    0.9261    0.9476    0.8033   0.01576   0.01418  0.006045
   171/299     12.1G   0.01676   0.01714  0.003446   0.03735       115       640     0.951    0.9121    0.9475     0.803   0.01576   0.01418  0.006062
   172/299     12.1G   0.01684   0.01738  0.003334   0.03755       122       640    0.9371    0.9258    0.9476    0.8038   0.01575   0.01417  0.006075
   173/299     12.1G   0.01664   0.01742  0.003505   0.03756       110       640    0.9367    0.9261    0.9474    0.8042   0.01574   0.01416  0.006077
   174/299     12.1G   0.01659   0.01718  0.003491   0.03727       135       640    0.9504    0.9136    0.9474    0.8042   0.01574   0.01417  0.006075
   175/299     12.1G   0.01651   0.01727  0.003237   0.03701       119       640    0.9503     0.914    0.9474    0.8043   0.01574   0.01417   0.00609
   176/299     12.1G    0.0166   0.01725  0.003351    0.0372        97       640    0.9507    0.9138    0.9473    0.8043   0.01573   0.01417  0.006092
   177/299     12.1G   0.01655   0.01726  0.003171   0.03698       117       640    0.9373    0.9268    0.9471    0.8041   0.01572   0.01417  0.006093
   178/299     12.1G   0.01638   0.01678  0.003403   0.03656        86       640    0.9387    0.9246    0.9473    0.8041   0.01572   0.01417  0.006092
   179/299     12.1G   0.01641   0.01724   0.00328   0.03693       131       640    0.9371    0.9262    0.9478    0.8035   0.01573   0.01417  0.006079
   180/299     12.1G    0.0164   0.01694  0.003523   0.03686       124       640    0.9358    0.9275    0.9475    0.8036   0.01572   0.01417  0.006068
   181/299     12.1G   0.01628   0.01698  0.003276   0.03654       117       640    0.9511     0.913    0.9473    0.8041   0.01572   0.01417  0.006055
   182/299     12.1G   0.01622   0.01722   0.00329   0.03673       107       640    0.9357    0.9281    0.9475    0.8044   0.01572   0.01417  0.006052
   183/299     12.1G   0.01627   0.01722  0.003384   0.03688       117       640    0.9505    0.9135    0.9477    0.8043   0.01572   0.01417  0.006041
   184/299     12.1G   0.01615   0.01704  0.003166   0.03636       124       640    0.9375    0.9256    0.9479    0.8043   0.01572   0.01417  0.006033
   185/299     12.1G   0.01622   0.01708  0.003268   0.03657       118       640    0.9369    0.9263    0.9478    0.8041   0.01571   0.01417  0.006011
   186/299     12.1G   0.01615   0.01678  0.003325   0.03625       102       640    0.9479     0.915    0.9478    0.8046   0.01571   0.01417  0.006013
   187/299     12.1G   0.01615   0.01693  0.003311   0.03639       126       640    0.9469    0.9161    0.9479    0.8048   0.01571   0.01417  0.006011
   188/299     12.1G   0.01618   0.01704  0.003088    0.0363       108       640    0.9461    0.9169     0.948    0.8049    0.0157   0.01417  0.006016
   189/299     12.1G   0.01603   0.01651  0.003104   0.03563       110       640    0.9344    0.9278    0.9479    0.8052    0.0157   0.01417  0.006019
   190/299     12.1G     0.016   0.01672  0.003019   0.03573       103       640    0.9459    0.9172    0.9479     0.805    0.0157   0.01417  0.006011
   191/299     12.1G   0.01583   0.01663   0.00285   0.03531       107       640    0.9366    0.9259     0.948    0.8054   0.01569   0.01417  0.006003
   192/299     12.1G   0.01584   0.01665  0.003052   0.03555        98       640    0.9348    0.9275    0.9479    0.8059   0.01569   0.01417  0.005994
   193/299     12.1G   0.01578   0.01655  0.002995   0.03533       125       640    0.9463    0.9168    0.9478    0.8059   0.01569   0.01417  0.006001
   194/299     12.1G     0.016   0.01656  0.003159   0.03572       122       640    0.9324      0.93    0.9479    0.8061   0.01569   0.01417  0.006001
   195/299     12.1G   0.01585   0.01676  0.003015   0.03563       104       640    0.9459    0.9175    0.9481    0.8063   0.01569   0.01417  0.005995
   196/299     12.1G   0.01582   0.01637  0.003014   0.03521        96       640    0.9459    0.9178    0.9481    0.8065   0.01568   0.01418  0.005994
   197/299     12.1G   0.01587   0.01638  0.002877   0.03512       109       640    0.9451    0.9184    0.9479    0.8063   0.01568   0.01418  0.005995
   198/299     12.1G   0.01576    0.0165  0.003289   0.03555       101       640    0.9457    0.9177    0.9479    0.8061   0.01568   0.01418  0.005994
   199/299     12.1G   0.01588   0.01634  0.003127   0.03535       109       640     0.946    0.9174    0.9477    0.8061   0.01568   0.01418  0.005993
   200/299     12.1G   0.01564   0.01654  0.003026   0.03521       115       640    0.9463    0.9175     0.948     0.806   0.01568   0.01419  0.005995
   201/299     12.1G   0.01547   0.01638  0.002873   0.03473       131       640    0.9371    0.9262    0.9478    0.8066   0.01567   0.01419  0.005994
   202/299     12.1G   0.01561   0.01631  0.002827   0.03475       110       640    0.9374    0.9262    0.9483    0.8064   0.01567    0.0142  0.005998
   203/299     12.1G   0.01551   0.01632  0.002859   0.03469       123       640    0.9371    0.9263    0.9481    0.8065   0.01567    0.0142  0.005999
   204/299     12.1G   0.01552   0.01631  0.002749   0.03458       119       640    0.9374    0.9266    0.9478    0.8068   0.01567    0.0142  0.005996
   205/299     12.1G   0.01544   0.01641  0.002954   0.03481       108       640     0.937    0.9265    0.9483    0.8073   0.01567    0.0142  0.005995
   206/299     12.1G   0.01558    0.0165  0.002798   0.03489       122       640    0.9467    0.9174    0.9479    0.8071   0.01567    0.0142  0.005997
   207/299     12.1G   0.01543   0.01606  0.002731   0.03422       105       640    0.9475     0.917    0.9483    0.8071   0.01567   0.01421  0.005997
   208/299     12.1G   0.01544   0.01641  0.002798   0.03464       134       640    0.9468     0.917     0.948    0.8069   0.01567   0.01421  0.005997
   209/299     12.1G   0.01524   0.01617  0.002748   0.03416       120       640    0.9365    0.9267     0.948     0.807   0.01566   0.01421  0.005999
   210/299     12.1G   0.01533   0.01628  0.002852   0.03447       106       640    0.9367    0.9268    0.9483    0.8072   0.01566   0.01422  0.005997
   211/299     12.1G   0.01523   0.01607    0.0028   0.03411       137       640    0.9394    0.9243    0.9482    0.8063   0.01566   0.01422  0.005995
   212/299     12.1G    0.0154   0.01618  0.002809   0.03439       116       640    0.9394    0.9244    0.9481    0.8065   0.01566   0.01422  0.005997
   213/299     12.1G   0.01524   0.01614  0.002705   0.03408       100       640    0.9396    0.9244    0.9482    0.8069   0.01566   0.01422  0.005999
   214/299     12.1G   0.01522   0.01605  0.002666   0.03394       149       640    0.9443    0.9193    0.9481    0.8069   0.01566   0.01423  0.006001
   215/299     12.1G   0.01518   0.01595  0.002888   0.03402       133       640    0.9468    0.9173    0.9485     0.807   0.01566   0.01423  0.006001
   216/299     12.1G   0.01526   0.01599  0.002868   0.03412        99       640    0.9467    0.9173    0.9484     0.807   0.01566   0.01424  0.005999
   217/299     12.1G   0.01511   0.01599  0.002619   0.03372       122       640    0.9475    0.9166    0.9483     0.807   0.01566   0.01424  0.006001
   218/299     12.1G   0.01509   0.01599  0.002758   0.03383       141       640     0.936     0.927    0.9483    0.8067   0.01566   0.01424  0.006003
   219/299     12.1G     0.015   0.01581  0.002729   0.03354       103       640     0.947    0.9167    0.9483    0.8067   0.01566   0.01424  0.006001
   220/299     12.1G   0.01505   0.01596  0.002582   0.03359       133       640     0.936    0.9273    0.9484    0.8068   0.01566   0.01424  0.006001
   221/299     12.1G   0.01509   0.01579   0.00265   0.03353        95       640    0.9429    0.9201    0.9485    0.8068   0.01566   0.01425  0.006004
   222/299     12.1G   0.01497   0.01571  0.002634   0.03331       122       640    0.9355    0.9277    0.9487    0.8066   0.01567   0.01425  0.006009
   223/299     12.1G   0.01484   0.01579  0.002529   0.03316       128       640    0.9356    0.9283    0.9487    0.8069   0.01567   0.01425  0.006011
   224/299     12.1G   0.01486   0.01558  0.002661    0.0331       117       640    0.9353    0.9285    0.9488    0.8062   0.01567   0.01426  0.006008
   225/299     12.1G   0.01476   0.01589  0.002548   0.03319       132       640    0.9354    0.9283    0.9488    0.8056   0.01567   0.01426  0.006003
   226/299     12.1G   0.01476   0.01585  0.002526   0.03314       104       640     0.939    0.9246    0.9487    0.8058   0.01567   0.01426  0.006003
   227/299     12.1G   0.01495    0.0157  0.002651    0.0333       110       640    0.9394    0.9239    0.9488     0.806   0.01567   0.01427  0.006002
   228/299     12.1G   0.01461   0.01538  0.002577   0.03257       120       640    0.9381    0.9254    0.9488    0.8062   0.01567   0.01427  0.006001
   229/299     12.1G   0.01474   0.01574   0.00266   0.03314       129       640    0.9398    0.9244    0.9489    0.8053   0.01567   0.01427  0.006002
   230/299     12.1G   0.01465    0.0154   0.00251   0.03256       109       640    0.9399    0.9243    0.9489    0.8055   0.01567   0.01427  0.006002
   231/299     12.1G   0.01452   0.01541  0.002385   0.03232       122       640    0.9399    0.9244    0.9489    0.8055   0.01567   0.01427  0.005997
   232/299     12.1G   0.01454   0.01562   0.00249   0.03265       130       640    0.9409    0.9234    0.9489    0.8055   0.01567   0.01427  0.005991
   233/299     12.1G   0.01444   0.01541  0.002321   0.03217        93       640     0.941    0.9234     0.949    0.8054   0.01567   0.01427  0.005987
   234/299     12.1G   0.01448   0.01525  0.002335   0.03207       102       640    0.9399    0.9244     0.949    0.8055   0.01567   0.01427  0.005983
   235/299     12.1G   0.01464   0.01564  0.002521    0.0328       117       640     0.939    0.9242    0.9489    0.8059   0.01567   0.01428   0.00598
   236/299     12.1G   0.01459   0.01531  0.002364   0.03226       110       640    0.9344     0.929    0.9489     0.806   0.01567   0.01428  0.005979
   237/299     12.1G   0.01452   0.01534  0.002265   0.03212       104       640    0.9418    0.9217    0.9488    0.8058   0.01567   0.01428  0.005977
   238/299     12.1G   0.01434    0.0153  0.002556    0.0322       113       640    0.9417    0.9233    0.9488     0.806   0.01567   0.01428  0.005975
   239/299     12.1G   0.01437   0.01514  0.002336   0.03184       107       640    0.9423    0.9226    0.9488    0.8062   0.01567   0.01429  0.005974
   240/299     12.1G   0.01439   0.01514  0.002394   0.03192       120       640    0.9414    0.9236    0.9487    0.8059   0.01567   0.01429  0.005972
   241/299     12.1G   0.01429   0.01513  0.002383    0.0318        99       640    0.9413    0.9235    0.9488    0.8059   0.01567   0.01429  0.005973
   242/299     12.1G   0.01431   0.01516  0.002339    0.0318        82       640    0.9407    0.9244    0.9487     0.806   0.01566   0.01429  0.005969
   243/299     12.1G   0.01438   0.01535  0.002349   0.03208       141       640    0.9411    0.9242    0.9488    0.8062   0.01566    0.0143  0.005972
   244/299     12.1G   0.01427   0.01513  0.002299   0.03169       128       640    0.9406    0.9246    0.9488    0.8063   0.01566    0.0143  0.005967
   245/299     12.1G   0.01419   0.01525  0.002218   0.03165       107       640    0.9406    0.9246    0.9488    0.8066   0.01566    0.0143  0.005966
   246/299     12.1G   0.01422   0.01511  0.002346   0.03167        99       640    0.9401    0.9248    0.9488    0.8068   0.01566    0.0143  0.005967
   247/299     12.1G   0.01433    0.0152  0.002397   0.03193        93       640    0.9404    0.9242     0.949    0.8069   0.01566    0.0143  0.005964
   248/299     12.1G   0.01406   0.01496  0.002233   0.03125       123       640    0.9418    0.9227     0.949    0.8074   0.01566   0.01431  0.005958
   249/299     12.1G   0.01399   0.01506  0.002202   0.03125        88       640    0.9419    0.9227    0.9489     0.807   0.01566   0.01431  0.005958
   250/299     12.1G   0.01409   0.01503  0.002276   0.03139       111       640    0.9419    0.9227    0.9489    0.8071   0.01566   0.01431  0.005954
   251/299     12.1G   0.01412   0.01517  0.002384   0.03167       136       640    0.9451    0.9194     0.949    0.8074   0.01566   0.01432  0.005954
   252/299     12.1G   0.01399    0.0151  0.002314   0.03141       110       640    0.9411    0.9232    0.9489    0.8074   0.01566   0.01432  0.005954
   253/299     12.1G   0.01399   0.01504  0.002341   0.03137        95       640     0.941    0.9232    0.9487     0.808   0.01566   0.01432  0.005954
   254/299     12.1G     0.014    0.0151  0.002302    0.0314        96       640    0.9452    0.9193    0.9487    0.8073   0.01566   0.01432  0.005948
   255/299     12.1G   0.01395   0.01482  0.002418   0.03119       131       640    0.9446    0.9197    0.9487    0.8078   0.01566   0.01433  0.005947
   256/299     12.1G   0.01413   0.01507  0.002363   0.03157       110       640    0.9411    0.9226    0.9486    0.8076   0.01566   0.01433  0.005945
   257/299     12.1G   0.01384     0.015   0.00214   0.03098       107       640    0.9413    0.9225    0.9486    0.8072   0.01567   0.01433  0.005942
   258/299     12.1G    0.0139   0.01496  0.002252   0.03112       123       640    0.9413    0.9226    0.9487    0.8069   0.01567   0.01434   0.00594
   259/299     12.1G   0.01385    0.0149  0.002109   0.03086       108       640    0.9413    0.9227    0.9486    0.8068   0.01567   0.01434  0.005943
   260/299     12.1G   0.01382   0.01467  0.002028   0.03051       107       640    0.9416    0.9222    0.9486    0.8066   0.01567   0.01434  0.005945
   261/299     12.1G   0.01391   0.01505  0.002119   0.03108       105       640    0.9414    0.9224    0.9486    0.8074   0.01567   0.01435  0.005945
   262/299     12.1G   0.01375   0.01475  0.002203    0.0307       110       640    0.9415    0.9223    0.9487    0.8075   0.01567   0.01435  0.005943
   263/299     12.1G   0.01384   0.01467  0.002299   0.03081        96       640    0.9411    0.9228    0.9487    0.8072   0.01567   0.01435  0.005948
   264/299     12.1G    0.0137   0.01482  0.002021   0.03054       106       640    0.9407     0.923    0.9487    0.8071   0.01567   0.01435  0.005949
   265/299     12.1G   0.01371   0.01471  0.002056   0.03048        98       640     0.941    0.9234    0.9487    0.8069   0.01567   0.01436   0.00595
   266/299     12.1G   0.01368   0.01463  0.002118   0.03043       114       640    0.9414     0.923    0.9486    0.8074   0.01567   0.01436  0.005952
   267/299     12.1G   0.01373   0.01473  0.002069   0.03054       124       640    0.9415    0.9228    0.9485    0.8071   0.01567   0.01436  0.005955
   268/299     12.1G   0.01361   0.01458  0.002235   0.03043       116       640    0.9414    0.9229    0.9485    0.8068   0.01567   0.01437   0.00596
   269/299     12.1G    0.0136   0.01464  0.002142   0.03038       106       640    0.9415    0.9228    0.9485    0.8066   0.01567   0.01437  0.005963
   270/299     12.1G   0.01377    0.0149  0.002076   0.03074       112       640    0.9417    0.9227    0.9485    0.8062   0.01567   0.01437  0.005966
   271/299     12.1G   0.01361   0.01455  0.001982   0.03015       129       640    0.9417    0.9227    0.9485    0.8067   0.01567   0.01438   0.00597
   272/299     12.1G   0.01361   0.01462    0.0022   0.03043       128       640    0.9419    0.9226    0.9486    0.8065   0.01567   0.01438  0.005969
   273/299     12.1G   0.01361    0.0146  0.002201   0.03041       129       640    0.9415    0.9228    0.9487     0.807   0.01568   0.01438  0.005969
   274/299     12.1G   0.01347   0.01462  0.002194   0.03028       111       640    0.9414    0.9229    0.9487    0.8069   0.01568   0.01439   0.00597
   275/299     12.1G   0.01365   0.01471    0.0021   0.03046        96       640    0.9437    0.9206    0.9486    0.8066   0.01568   0.01439  0.005976
   276/299     12.1G   0.01354   0.01467  0.002076   0.03028       125       640    0.9415    0.9228    0.9486    0.8068   0.01568   0.01439  0.005981
   277/299     12.1G   0.01351   0.01462  0.002087   0.03022        98       640    0.9418    0.9227    0.9486    0.8066   0.01568    0.0144  0.005986
   278/299     12.1G   0.01343   0.01444  0.002155   0.03002       118       640    0.9438      0.92    0.9486    0.8068   0.01569    0.0144  0.005985
   279/299     12.1G   0.01353   0.01454  0.002127    0.0302       110       640    0.9444    0.9194    0.9485    0.8065   0.01569    0.0144  0.005982
   280/299     12.1G   0.01355   0.01434  0.002088   0.02997       108       640    0.9432    0.9208    0.9485    0.8066   0.01569   0.01441  0.005981
   281/299     12.1G   0.01352    0.0145  0.002161   0.03018       102       640    0.9438    0.9202    0.9485     0.807   0.01569   0.01441  0.005979
   282/299     12.1G   0.01358   0.01436  0.002037   0.02998       112       640    0.9436    0.9205    0.9485    0.8069   0.01569   0.01441  0.005983
   283/299     12.1G   0.01352   0.01434  0.002091   0.02995        94       640    0.9437    0.9204    0.9484     0.807   0.01569   0.01442  0.005986
   284/299     12.1G   0.01345   0.01441  0.002035    0.0299       102       640    0.9437    0.9204    0.9485     0.807   0.01569   0.01442   0.00599
   285/299     12.1G   0.01345   0.01436  0.002172   0.02997       117       640    0.9435    0.9205    0.9485    0.8075    0.0157   0.01443  0.005994
   286/299     12.1G   0.01364   0.01439  0.002189   0.03022       120       640    0.9431    0.9209    0.9484    0.8073    0.0157   0.01443  0.006001
   287/299     12.1G   0.01339    0.0144  0.001953   0.02975       109       640    0.9434    0.9206    0.9485    0.8068    0.0157   0.01443  0.006006
   288/299     12.1G    0.0135   0.01439   0.00197   0.02986       119       640    0.9423    0.9216    0.9484    0.8066    0.0157   0.01444  0.006011
   289/299     12.1G   0.01346   0.01442  0.002141   0.03002       119       640    0.9439    0.9202    0.9484    0.8066    0.0157   0.01444  0.006017
   290/299     12.1G   0.01344   0.01435  0.002096   0.02988       103       640    0.9437    0.9205    0.9484    0.8068    0.0157   0.01444  0.006022
   291/299     12.1G   0.01346   0.01438  0.002018   0.02986       102       640    0.9438    0.9205    0.9483    0.8062    0.0157   0.01445  0.006023
   292/299     12.1G   0.01348   0.01453  0.002059   0.03008       113       640    0.9441    0.9206    0.9483    0.8064    0.0157   0.01445  0.006024
   293/299     12.1G   0.01343   0.01455  0.002064   0.03004       133       640    0.9441    0.9206    0.9484    0.8064    0.0157   0.01445  0.006026
   294/299     12.1G   0.01338    0.0144  0.002091   0.02988        96       640    0.9441    0.9204    0.9485    0.8066    0.0157   0.01446  0.006028
   295/299     12.1G   0.01326   0.01443  0.002004   0.02969       111       640    0.9443    0.9205    0.9485    0.8065   0.01571   0.01446  0.006028
   296/299     12.1G   0.01327   0.01419  0.001956   0.02942       117       640    0.9441    0.9204    0.9484    0.8062   0.01571   0.01446  0.006026
   297/299     12.1G   0.01315   0.01427  0.001956   0.02938       116       640    0.9441    0.9203    0.9484    0.8065   0.01571   0.01447  0.006029
   298/299     12.1G   0.01339   0.01428  0.002014   0.02968       109       640    0.9445    0.9208    0.9484    0.8066   0.01571   0.01447  0.006029
   299/299     12.1G    0.0133    0.0143  0.001948   0.02955        91       640    0.9445    0.9207    0.9484    0.8067   0.01571   0.01447  0.006035
